1.0000000000 2.0000000000 3.0000000000 4.0000000000 5.0000000000 6.0000000000 7.0000000000 8.0000000000 9.0000000000 0.0000000000
0.0000000000 2.0000000000 3.0000000000 5.0000000000 3.0000000000 1.0000000000 2.0000000000 4.0000000000 6.0000000000 0.0000000000
1.0000000000 2.0000000000 4.0000000000 2.0000000000 1.0000000000 2.0000000000 5.0000000000 2.0000000000 4.0000000000 5.0000000000
1.0000000000 2.0000000000 4.0000000000 2.0000000000 1.0000000000 2.0000000000 2.0000000000 1.0000000000 5.0000000000 2.0000000000
1.0000000000 2.0000000000 4.0000000000 2.0000000000 5.0000000000 6.0000000000 2.0000000000 4.0000000000 1.0000000000 5.0000000000
1.0000000000 2.0000000000 4.0000000000 2.0000000000 1.0000000000 5.0000000000 3.0000000000 2.0000000000 -3.0000000000 5.0000000000
-2.0000000000 -2.0000000000 1.0000000000 -1.0000000000 -7.0000000000 -2.0000000000 -3.0000000000 -1.0000000000 2.0000000000 -6.0000000000
0.0000000000 2.0000000000 4.0000000000 2.0000000000 1.0000000000 3.0000000000 5.0000000000 6.0000000000 3.0000000000 1.0000000000
-2.0000000000 9.0000000000 -2.0000000000 3.0000000000 -5.0000000000 2.0000000000 -9.0000000000 0.0000000000 -1.0000000000 -1.0000000000
0.1000000000 0.3000000000 0.4000000000 0.6000000000 -0.3000000000 12.0000000000 59.0000000000 71.0000000000 99.0000000000 -26.0000000000
