1.0000000000 -1.0000000000 0.0000000000 0.6934208795 -0.2894485080 -0.5127368848 -0.0543822566 1.2182245651 0.0714322078 -0.0827307426
0.0000000000 2.0000000000 -1.5000000000 -4.8539461566 2.0261395560 3.5891581934 0.3806757964 -8.5275719555 -0.5000254546 0.5791151982
0.0000000000 -1.0000000000 1.0000000000 2.0802626385 -0.8683455240 -1.5382106543 -0.1631467699 3.6546736952 0.2142966234 -0.2481922278
NaN NaN NaN NaN NaN NaN NaN NaN NaN NaN
0.0000000000 0.0000000000 0.0000000000 -0.2500000000 0.2500000000 0.0000000000 0.0000000000 0.0000000000 0.0000000000 0.0000000000
0.0000000000 0.0000000000 0.0000000000 -0.3333333333 0.0000000000 0.3333333333 0.0000000000 0.0000000000 0.0000000000 0.0000000000
0.0000000000 0.0000000000 0.0000000000 -4.3927626385 -0.0691544760 3.2882106543 -0.5868532301 -3.6546736952 -0.2142966234 0.2481922278
0.0000000000 0.0000000000 0.0000000000 0.8793969849 0.3065326633 -0.6633165829 0.2613065327 0.0804020101 0.0000000000 0.0000000000
0.0000000000 0.0000000000 0.0000000000 0.1321026133 0.0558619036 -0.0765603772 0.0557020698 -0.0244545673 -0.0159034604 0.0000000000
-0.0000000000 -0.0000000000 -0.0000000000 0.6934208795 -0.2894485080 -0.5127368848 -0.0543822566 1.2182245651 0.0714322078 -0.0827307426
