1.000000 0.000000 0.000000 -1.000000 2.000000 5.000000 5.000000 4.000000 3.000000 -12.087405
0.000000 1.000000 0.000000 7.000000 2.000000 -5.000000 -1.000000 6.000000 8.000000 79.611836
1.000000 0.000000 1.000000 -3.000000 -0.333333 3.666667 1.333333 -2.666667 -3.333333 -32.928882
0.000000 0.000000 0.000000 NaN NaN NaN NaN NaN NaN NaN
0.000000 0.000000 0.000000 0.000000 1.000000 1.000000 0.000000 0.750000 -1.000000 0.750000
0.000000 0.000000 0.000000 0.000000 0.000000 1.000000 0.333333 0.333333 -2.666667 1.000000
0.000000 2.000000 9.000000 3.000000 0.000000 0.000000 1.000000 -1.812500 -19.250000 40.199715
0.000000 0.000000 0.000000 0.000000 0.000000 0.000000 0.000000 1.000000 7.457286 -1.512563
-2.000000 0.000000 0.000000 0.000000 0.000000 0.000000 0.000000 0.000000 1.000000 -0.182051
0.000000 0.000000 0.000000 0.000000 -0.000000 0.000000 0.000000 0.000000 -0.000000 -12.087405
