122793.0784769338 -14151439.3928147820 14219553.1701026930 1443292.9462684360 3586006.8813249300 -23313761.8556103000 -9212900.4218221620 8119718.9617818960 3329931.0613490487 10898919.9699613680
-3683580.1419344344 11266703.9622161930 -9998293.8122260010 -4890919.6693752610 -2954627.8415041250 23563500.5232520660 6057606.9549440040 -7408348.0323096550 -4965344.4740183240 -12697274.9927602350
2365577.1907353164 3012769.9485464892 -2291718.0589235174 -5221302.6239424270 3182250.1019793237 8276305.8428301770 7655748.0793882440 -5136833.0364923720 -4331459.7846299130 -5290330.6330893915
-517544.6726764671 -3079432.1550631510 7767243.7867689890 -3450418.3525945330 2911698.5405817362 -9924452.3692590260 -3112995.8543266440 1792524.3055661586 2761941.1013281466 8135325.2832453790
-5213641.7193133000 10204389.8784957000 -6705336.2662289460 -60742.4022355240 -864211.6609494183 14117181.5307423030 5945695.5762204600 -5807597.4992683470 -5299535.0419123170 -11111743.6627966130
-2338739.4058511280 -3781044.5463746460 3219044.9865476580 4013538.5672262040 -912522.3669092508 -1232607.6779209300 262561.7334644781 862563.9861198589 1449321.8168981874 1723743.7175752544
2506404.3723475863 -1129927.6971020177 5811468.8859691280 7066431.5668836820 -3878304.6912769190 -7382019.0598143290 -2138411.9943326395 432939.9966329252 -953604.4560533697 6850017.4743971660
2077413.6353191780 -8819947.2631826100 9694804.5441430450 478826.5973904808 5229171.6405546240 -17204911.4284685550 -7627873.3362930990 10909338.3054654710 5814191.2738847740 9447421.7226197530
2668572.7394512560 -9978746.2513857040 9832517.1080439050 3113766.0143238320 -2214957.2279232834 -21152658.9623813780 -4170725.6946538812 9806391.1643701590 4842795.7477638470 9513134.6000200730
1108263.0499660645 -21232687.9330103550 19534017.5689052050 5091567.6961261060 3267846.9443158190 -43837359.2058978160 -15397721.1483831400 21919460.0874214840 7130094.8478327580 27497760.9040078800
