-0.0027027271 0.0810771433 -0.0520673458 0.0113913752 0.1147544401 0.0514766349 -0.0551670111 -0.0457247451 -0.0587364048 -0.0243933344
0.3114791142 -0.2479848779 -0.0663123297 0.0677795928 -0.2246028995 0.0832223757 0.0248701823 0.1941307371 0.2196363887 0.4673403635
-0.3129783270 0.2200666387 0.0504416753 -0.1709602923 0.1475872625 -0.0708525298 -0.1279128667 -0.2133867127 -0.2164178240 -0.4299519166
-0.0317674829 0.1076511925 0.1149230599 0.0759451546 0.0013369657 -0.0883396666 -0.1555351215 -0.0105391742 -0.0685352955 -0.1120675397
-0.0789295149 0.0650325976 -0.0700426589 -0.0640877056 0.0190216610 0.0200849999 0.0853631123 -0.1150962602 0.0487521372 -0.0719266813
0.5131456730 -0.5186425258 -0.1821649615 0.2184413576 -0.3107250843 0.0271302118 0.1624813345 0.3786873139 0.4655788923 0.9648786555
0.2027798009 -0.1333304688 -0.1685062250 0.0685183439 -0.1308672524 -0.0057790938 0.0470673446 0.1678926902 0.0917994212 0.3389102982
-0.1787184186 0.1630608462 0.1130638488 -0.0394542115 0.1278276559 -0.0189853950 -0.0095291908 -0.2401191100 -0.2158427810 -0.4824565065
-0.0732931788 0.1092893137 0.0953372459 -0.0607914816 0.1166449882 -0.0319001808 0.0209892339 -0.1279727876 -0.1065919648 -0.1569363770
-0.2398897980 0.2794723461 0.1164423953 -0.1790619203 0.2445741368 -0.0379403219 -0.1507717566 -0.2079417131 -0.2093880810 -0.6052372463
