-20719642.9999999960 3218226.5000000093 -2026926.2000000080 -60482.5999999880 4331872.6999999990 7804752.8999999980 7897015.7000000020 -10794821.8000000080 1088603.8999999962 -3935873.7999999970
12414164.0000000040 -5877919.5000000090 -862885.8999999892 8203734.2999999765 -3062361.0999999980 -4862262.1999999990 -5340987.6000000020 7001019.9000000050 -557830.1999999966 2821370.9000000010
-33220569.0000000630 485079.5000000061 -2884321.5999999930 -74379.3000000052 2002636.0999999978 3932692.2000000140 7212502.6000000000 -9214802.4000000080 3424717.7000000000 5867321.5999999890
29634471.0000000500 4379461.9999999840 5922653.3999999870 -3840844.2999999860 -1114456.4000000008 -3827620.3000000070 -4375739.8999999985 2735247.6000000070 -390197.3000000055 -5532725.8999999860
-8430784.9999999940 -3504847.4999999930 1191992.9999999988 -3278533.5000000000 2006504.4999999990 1641189.0000000037 -4439110.5000000010 2303449.5000000020 1971683.9999999944 4328521.9999999980
31017019.5000000600 -6672063.5000000020 -2664998.6999999937 8458092.4000000060 -9218784.8000000100 -965102.1000000034 -5083241.8000000045 8601030.7000000030 -2761253.5999999970 1295813.6999999997
-11537368.9999999980 -3097868.0000000014 751101.3999999980 817324.7000000026 -779049.4000000078 3533573.6999999974 551887.0999999968 -2646157.8999999950 1356706.7000000016 782401.1000000003
-11389480.4999999680 9147358.9999999830 6593082.8000000090 -7699513.0999999890 5509663.6999999920 -3462837.6000000100 4712079.1999999955 -1271105.7999999858 -2830381.6000000070 -5231837.7999999900
-2494617.0000000080 2023893.5000000050 -995093.3000000014 -204925.9000000011 -251375.6999999994 740121.1000000007 17446.3000000009 -483006.2000000007 312210.1000000001 247625.7999999998
2554870.0000000000 -538060.0000000000 -263837.0000000000 209449.0000000000 -686223.0000000000 -385221.0000000000 -727593.0000000000 1115682.0000000000 42789.0000000000 369962.0000000000
