0.0600000000 2.8700000000 -2.1700000000 1.0900000000 0.8400000000 0.5400000000 4.3100000000 2.3900000000 3.5200000000 3.9100000000
-0.3400000000 0.8900000000 -4.3000000000 3.6100000000 4.7200000000 -4.5000000000 2.2700000000 -4.7500000000 3.4700000000 -0.4900000000
-1.9500000000 1.4600000000 -1.5400000000 0.4900000000 -1.7200000000 -1.1000000000 -3.9900000000 -1.9500000000 3.7800000000 -1.0000000000
2.8000000000 -3.3600000000 -2.2200000000 2.6400000000 0.5200000000 0.8500000000 -1.6200000000 2.8600000000 -4.0600000000 -2.4600000000
3.3900000000 -4.0600000000 -0.8800000000 -1.8700000000 -2.2600000000 3.2000000000 -1.7500000000 -1.0200000000 1.1300000000 2.6100000000
3.6400000000 3.5800000000 -2.0700000000 -2.8900000000 -0.9700000000 -3.7800000000 -4.6200000000 -0.7500000000 -3.1500000000 -2.4600000000
-3.2300000000 -2.5000000000 -4.0200000000 -2.0300000000 0.7900000000 -1.8500000000 1.6500000000 -0.6400000000 2.9400000000 -0.9400000000
-3.2600000000 -3.3300000000 -4.5600000000 -2.1400000000 -3.5900000000 -3.0300000000 1.0400000000 -4.7900000000 -2.1500000000 1.7500000000
-0.6300000000 -1.0400000000 -2.0600000000 2.2100000000 4.9600000000 2.1300000000 -3.2500000000 -1.7400000000 -2.7000000000 3.3500000000
1.9000000000 0.8100000000 2.2900000000 0.4500000000 -0.1700000000 -0.4600000000 -1.0100000000 -2.3200000000 3.7300000000 -3.2100000000
