-0.7789353383 0.4666987281 -1.2488958016 1.1140798466 -0.3169473705 1.1660554469 -0.4337364512 -0.4281767232 -0.0937827615 0.0960479159
0.1209861747 -0.2209748119 0.0182361040 0.1646417226 -0.1317614195 -0.2508299028 -0.1164614110 0.3438862908 0.0760863577 -0.0202278557
-0.0762003692 -0.0324393775 -0.1084333365 0.2226565405 0.0448118469 -0.1001881000 0.0282369452 0.2478606982 -0.0374095894 -0.0099187019
-0.0022737860 0.3084116146 -0.0027962193 -0.1443929007 -0.1232533592 0.3179739663 0.0307265474 -0.2894558966 -0.0077039950 0.0078740366
0.1628526480 -0.1151265627 0.0752872059 -0.0418969320 0.0754326347 -0.3465714760 -0.0292876237 0.2071305842 -0.0094502312 -0.0257979032
0.2934122871 -0.1827921384 0.1478458354 -0.1438957570 0.0616989448 -0.0362820986 0.1328413538 -0.1301820971 0.0278241512 -0.0144820183
0.2968808196 -0.2007893661 0.2711471985 -0.1645017938 -0.1668841514 -0.1910996570 0.0207476724 0.1771461509 0.0006558771 -0.0273531691
-0.4058210931 0.2631967068 -0.3464217615 0.1028290408 0.0865960005 0.3233475962 -0.0994797979 -0.0477860177 -0.0181581602 0.0419430072
0.0409250317 -0.0209710976 0.1287490156 -0.0146690976 0.0741235910 -0.1038067117 0.0510041024 -0.1064055133 0.0117372428 0.0016086119
-0.1479654447 0.1060667646 0.2205763939 -0.2079975857 0.1627266816 0.0487148877 0.0294136277 -0.1966859828 0.0093092572 0.0139083707
