1.0000000000 1.0000000000 1.0000000000 1.0000000000 1.0000000000 1.0000000000 1.0000000000 1.0000000000 1.0000000000 36.2706036193
0.0000000000 NaN NaN NaN NaN NaN NaN NaN NaN NaN
0.0000000000 0.0000000000 NaN -Infinity -Infinity -Infinity -Infinity -Infinity -Infinity -Infinity
0.0000000000 0.0000000000 0.0428900000 1.0000000000 1.0428900000 1.7500000000 1.0428900000 1.7500000000 1.6139600000 42.7900000000
0.0000000000 0.2500000000 -0.0000000000 0.0000000000 1.0000000000 -0.2869220911 1.0000000000 -0.2869220911 -0.6174410375 5.5956831931
1.6139600000 0.0000000000 0.0000000000 0.0000000000 0.0000000000 1.0000000000 -0.0000000000 1.0000000000 1.0089426687 13.4454364599
0.0000000000 0.0000000000 0.0000000000 0.0000000000 0.0000000000 0.0000000000 NaN -Infinity Infinity Infinity
0.0000000000 0.0000000000 0.0000000000 -1.0000000000 0.0000000000 0.0000000000 -1.0000000000 1.0000000000 0.7409064328 -3.5919623312
2.0000000000 0.0000000000 0.0000000000 0.0000000000 0.0000000000 0.0000000000 0.0000000000 0.0000000000 1.0000000000 40532396646334512.0000000000
0.0000000000 0.0000000000 0.0000000000 0.0000000000 0.0000000000 0.0000000000 0.0000000000 0.0000000000 0.0000000000 25861095368273700.0000000000
0.0000000000 0.0000000000 0.0000000000 0.0000000000 0.0000000000 0.0000000000 0.0000000000 0.0000000000 0.0000000000 6.8302000379
0.0000000000 0.0000000000 -0.0000000000 0.0000000000 0.0000000000 0.0000000000 0.0000000000 0.0000000000 0.0000000000 -0.2706036193
