0.0000000000 0.0000000000 0.0000000000 0.0000000000 0.0000000000 0.0000000000 1.0000000000 1.0000000000 1.0000000000 13.0000000000
0.0000000000 0.0000000000 0.0000000000 1.0000000000 1.0000000000 1.0000000000 0.0000000000 0.0000000000 0.0000000000 15.0000000000
1.0000000000 1.0000000000 1.0000000000 0.0000000000 0.0000000000 0.0000000000 0.0000000000 0.0000000000 0.0000000000 8.0000000000
0.0000000000 0.0000000000 0.0428900000 0.0000000000 0.0428900000 0.7500000000 0.0428900000 0.7500000000 0.6139600000 14.7900000000
0.0000000000 0.2500000000 0.9142100000 0.2500000000 0.9142100000 0.2500000000 0.9142100000 0.2500000000 0.0000000000 14.3100000000
0.6139600000 0.7500000000 0.0428900000 0.7500000000 0.0428900000 0.0000000000 0.0428900000 0.0000000000 0.0000000000 3.8100000000
0.0000000000 0.0000000000 1.0000000000 0.0000000000 0.0000000000 1.0000000000 0.0000000000 0.0000000000 1.0000000000 18.0000000000
0.0000000000 1.0000000000 0.0000000000 0.0000000000 1.0000000000 0.0000000000 0.0000000000 1.0000000000 0.0000000000 12.0000000000
1.0000000000 0.0000000000 0.0000000000 1.0000000000 0.0000000000 0.0000000000 1.0000000000 0.0000000000 0.0000000000 6.0000000000
0.0428900000 0.7500000000 0.6139600000 0.0000000000 0.0428900000 0.7500000000 0.0000000000 0.0000000000 0.0428900000 10.5100000000
0.9142100000 0.2500000000 0.0000000000 0.2500000000 0.9142100000 0.2500000000 0.0000000000 0.2500000000 0.9142100000 16.1300000000
0.0428900000 0.0000000000 0.0000000000 0.7500000000 0.0428900000 0.0000000000 0.6139600000 0.7500000000 0.0428900000 7.0400000000
